C1:CONST C2:PRN C3:CLK_f1_C C4:CLK_f2_C C5:OBS_f1_C C6:OBS_f2_C C7:CLK_f1_P C8:CLK_f2_P C9:OBS_f1_P C10:OBS_f2_P
     E       02     -1.1023     -1.9767     -1.1023     -1.9767    -0.63676    -1.06521    -0.63676    -1.06521
     E       03      3.0907      5.5424      3.0907      5.5424     0.51553     1.03957     0.51553     1.03957
     E       04     -3.1434     -5.6369     -3.1434     -5.6369     0.67624     1.19751     0.67624     1.19751
     E       05      3.3634      6.0314      3.3634      6.0314     0.30824     0.47539     0.30824     0.47539
     E       07      5.3319      9.5616      5.3319      9.5616     0.58512     1.06127     0.58512     1.06127
     E       08     -3.5856     -6.4300     -3.5856     -6.4300     0.30989     0.53665     0.30989     0.53665
     E       09      1.5862      2.8444      1.5862      2.8444     0.13320     0.27119     0.13320     0.27119
     E       10      0.1383      0.2480      0.1383      0.2480    -0.09876    -0.15787    -0.09876    -0.15787
     E       11    -12.9115    -23.1538    -12.9115    -23.1538    -0.41028    -0.77462    -0.41028    -0.77462
     E       12    -10.1880    -18.2698    -10.1880    -18.2698    -0.75128    -1.39418    -0.75128    -1.39418
     E       13      5.3063      9.5157      5.3063      9.5157     0.19804     0.31212     0.19804     0.31212
     E       14     -3.2053     -5.7480     -3.2053     -5.7480     0.91281     1.59773     0.91281     1.59773
     E       15      6.4358     11.5412      6.4358     11.5412    -0.16464    -0.30026    -0.16464    -0.30026
     E       18     -1.6064     -2.8807     -1.6064     -2.8807     0.29262     0.56564     0.29262     0.56564
     E       19     -3.0501     -5.4696     -3.0501     -5.4696     0.59384     1.06074     0.59384     1.06074
     E       21      2.0230      3.6278      2.0230      3.6278    -0.00487    -0.11273    -0.00487    -0.11273
     E       24     -3.5366     -6.3421     -3.5366     -6.3421     0.95405     1.65184     0.95405     1.65184
     E       25      3.5479      6.3623      3.5479      6.3623     0.14625     0.23685     0.14625     0.23685
     E       26     -4.2066     -7.5435     -4.2066     -7.5435    -0.64364    -1.15523    -0.64364    -1.15523
     E       27      2.0831      3.7355      2.0831      3.7355    -0.24326    -0.43727    -0.24326    -0.43727
     E       30      1.9911      3.5705      1.9911      3.5705    -0.78149    -1.26752    -0.78149    -1.26752
     E       31      4.6640      8.3638      4.6640      8.3638     0.06682     0.15058     0.06682     0.15058
     E       33     -3.1013     -5.5614     -3.1013     -5.5614    -0.72761    -1.20958    -0.72761    -1.20958
     E       34      4.2304      7.5862      4.2304      7.5862    -0.68763    -1.19037    -0.68763    -1.19037
     E       36      5.8450     10.4817      5.8450     10.4817    -0.56488    -1.13144    -0.56488    -1.13144
     G       01     10.9953     18.1087      9.5395     18.1078     0.39796     0.57832     0.39796     0.57832
     G       02    -11.5434    -19.0114     -9.7986    -19.0114     0.46850     0.79328     0.46850     0.79328
     G       03      7.7517     12.7666      7.0166     13.4259     0.44397     0.63563     0.44397     0.63563
     G       04     -1.4239     -2.3451     -1.7800     -3.0982    -0.32246    -0.47673    -0.32246    -0.47673
     G       05     -5.3195     -8.7610     -6.2285     -8.2543    -0.22262    -0.27550    -0.22262    -0.27550
     G       06      9.9357     16.3636      9.1029     17.4604     0.03695     0.09394     0.03695     0.09394
     G       07     -5.3306     -8.7792     -5.5982     -9.2434    -0.70425    -1.14998    -0.70425    -1.14998
     G       08     10.8040     17.7935     11.3225     19.1371    -0.31280    -0.54712    -0.31280    -0.54712
     G       09      6.8831     11.3360      7.4295     11.0633     0.59653     1.03532     0.59653     1.03532
     G       10      8.3094     13.6851      7.9757     12.2179    -1.29207    -2.03174    -1.29207    -2.03174
     G       11     -5.5211     -9.0930     -5.8733     -9.6504     0.93993     1.51062     0.93993     1.51062
     G       12     -6.5318    -10.7575     -7.2922    -10.2848    -0.88293    -1.38257    -0.88293    -1.38257
     G       13     -5.5260     -9.1010     -5.8112     -9.1010    -0.45820    -0.73936    -0.45820    -0.73936
     G       14     -4.7749     -7.8640     -5.1725     -8.3027     0.19248     0.33058     0.19248     0.33058
     G       15     -4.9484     -8.1497     -5.7967     -7.9317    -0.48885    -0.76532    -0.48885    -0.76532
     G       16     -4.7018     -7.7436     -3.1721     -7.7436     0.17747     0.40244     0.17747     0.40244
     G       17     -5.3266     -8.7726     -6.0954     -9.2096     0.69305     1.22158     0.69305     1.22158
     G       18     -5.0961     -8.3930     -5.6209     -8.7538     0.61193     0.95299     0.61193     0.95299
     G       19     -9.6890    -15.9573     -7.3619    -15.9573     0.92111     1.42002     0.92111     1.42002
     G       20     -2.7179     -4.4762     -0.3059      0.0000    -0.29997    -0.60464    -0.29997    -0.60464
     G       21     -4.1774     -6.8799     -2.1426     -6.8799     0.46998     0.75195     0.46998     0.75195
     G       22     -5.1326     -8.4530     -4.1853     -8.4530    -0.58838    -0.95419    -0.58838    -0.95419
     G       23     -5.2071     -8.5758     -5.7369     -9.1604    -0.33397    -0.56900    -0.33397    -0.56900
     G       24      8.3451     13.7439      7.1861     13.5175     0.22417     0.34311     0.22417     0.34311
     G       25     11.4761     18.9004     11.8921     19.8120     0.32695     0.58800     0.32695     0.58800
     G       26     12.7265     20.9597     12.6936     20.2052    -0.55654    -0.84400    -0.55654    -0.84400
     G       28     -6.3200    -10.4087     -6.8339    -10.8676    -0.73842    -1.30539    -0.73842    -1.30539
     G       29     -4.2171     -6.9453     -5.1292     -6.7963     0.36087     0.56246     0.36087     0.56246
     G       30      9.9018     16.3078     10.8071     16.7513    -0.70912    -1.15937    -0.70912    -1.15937
     G       31     -7.5658    -12.4605     -8.5420    -12.0994     0.99577     1.58357     0.99577     1.58357
     G       32      6.4155     10.5659      5.8548     11.1794     0.07973     0.04737     0.07973     0.04737
